ORBS
coin 300 550
coin 350 500
coin 410 325
scoreMult 600 350
coin 810 325
coin 1210 225
coin 1610 625
coin 2010 125
coin 2100 300
coin 2200 400
coin 2300 500
coin 2410 425
coin 2810 425
scoreMult 2900 350
coin 3110 325
coin 3410 425
scoreMult 3500 350
coin 3710 525
coin 4010 225
coin 4310 225
coin 4610 425
scoreMult 4700 350
coin 4810 225
coin 5010 225
ghost 4200 400
ghost 5100 400
firePower 5950 300
PIPES
400 400
800 400
1200 300
1600 700
2000 200
2400 500
2800 500
3100 400
3400 500
3700 600
4000 300
4300 300
4600 500
4800 300
5000 300
5200 500
5400 200
5600 200
5800 550
6000 500
6300 300
6600 350
6750 200
6900 200
7000 550
7100 500
