ORBS
coin 300 500
coin 400 500
coin 500 500
coin 710 125
coin 800 100
coin 900 75
coin 1010 225
coin 1310 325
coin 1510 225
coin 1810 175
coin 2110 525
coin 2310 425
coin 2510 375
coin 2710 325
coin 3150 550
coin 3400 425
coin 3600 300
coin 4230 435
coin 4300 450
coin 4400 475
coin 5350 575
coin 4710 325
coin 4800 325
coin 4900 325
firePower 3900 150
ghost 4000 700
scoreMult 1650 275
scoreMult 2600 500
PIPES
700 200
1000 300
1300 400
1500 300
1800 250
2100 600
2300 500
2500 450
2700 400
2850 450
3000 500
3300 600
3500 250
3700 350
3800 350
4200 475
4250 575
4500 550
4700 400
5000 250
5250 650